  8       0 sda 292705 138 5005324 48615 31030497 638180 382922880 1940673 0 695870 1462691 0 0 0 0
  8       1 sda1 278 0 26633 333 194 2 81208 136 0 218 460 0 0 0 0
  8       2 sda2 292337 138 4977091 48235 20365467 638178 382841672 1828926 0 700703 1476097 0 0 0 0
253       0 dm-0 286127 0 4776209 38548 838903 0 72123992 1452101 0 36207 1495335 0 0 0 0
253       1 dm-1 250 0 3984 401 0 0 0 0 0 391 401 0 0 0 0
253       2 dm-2 5912 0 193281 8393 30748426 0 353463864 1503673 0 864118 1513254 0 0 0 0
253       3 dm-3 159 0 2633 304 81172 0 767800 972 0 868 1276 0 0 0 0
  7       0 loop0 6953658 0 338630071 225775 1065307 0 80426279 753097 0 176975 782118 157007 0 46487296 95777
  7       1 loop1 21621 0 173848 700 961932 0 6475232 90730 0 4535 32251 0 0 0 0
253       4 dm-4 6953524 0 338627949 215336 1065022 0 80404637 738312 0 216393 1049017 157007 0 46487296 95273
253       8 dm-8 4401 0 381059 538 74 0 23030 106 0 287 644 0 0 0 0
253       9 dm-9 3907 0 317498 219 68 0 24885 116 0 126 335 0 0 0 0
253      10 dm-10 3279 0 218698 162 69 0 29949 91 0 112 253 0 0 0 0
253      11 dm-11 4520 0 373057 232 978 0 80170 1153 0 496 1384 0 0 0 0
253      12 dm-12 256 0 10966 15 43 0 37675 29 0 11 44 0 0 0 0
253      14 dm-14 255 0 11350 13 43 0 37675 13 0 7 26 0 0 0 0
253      16 dm-16 3387 0 381541 1094 216 0 39779 173 0 421 1268 0 0 0 0
253      15 dm-15 3313 0 210341 147 505 0 47251 457 0 218 604 0 0 0 0
253       5 dm-5 2107 0 259563 138 855 0 80081 457 0 219 595 0 0 0 0
253       7 dm-7 1126 0 155452 63 247 0 40088 102 0 42 165 0 0 0 0
253      17 dm-17 256 0 11286 5 43 0 36779 16 0 7 21 0 0 0 0
253      19 dm-19 255 0 11350 1 45 0 28203 16 0 3 17 0 0 0 0
253      20 dm-20 255 0 10326 9 43 0 26539 25 0 8 34 0 0 0 0
253      21 dm-21 880 0 105812 37 98929 0 2660571 3940 0 3928 3978 0 0 0 0
253      23 dm-23 1939 0 260571 142 466 0 48832 232 0 156 374 0 0 0 0
253       6 dm-6 935 0 128010 126 60 0 32839 42 0 62 168 0 0 0 0
253      13 dm-13 256 0 10390 30 48 0 26139 9 0 31 39 0 0 0 0
253      18 dm-18 583 0 54833 30 65 0 19813 49 0 14 79 0 0 0 0
253      22 dm-22 1110 0 131719 61 36 0 28016 19 0 31 80 0 0 0 0
